19
28.3859 24.9836 107.232 113 100 42 0
27.9344 24.9836 101.87 108 100 53 0
27.6877 24.9836 120.048 120 50 54 0
27.783 24.9836 94.8255 127 99 45 0
28.04 24.9836 94.7856 120 107 54 0
28.9846 124.836 95.6715 64 41 42 0
28.2807 24.9836 94.7856 91 115 44 0
27.635 24.9836 101.89 130 60 30 0
27.3991 623.768 107.326 143 41 34 0
29.7794 24.9836 86.7961 83 60 44 0
28.7541 24.9836 110.129 124 97 51 0
27.783 24.9836 111.021 72 89 44 0
28.4676 124.836 107.441 109 79 38 0
27.5199 24.9836 96.5815 129 42 30 0
28.0641 124.836 127.599 109 57 63 0
29.2645 24.9836 110.801 141 86 35 0
29.2645 24.9836 96.0238 133 94 30 4
28.0641 24.9836 118.857 135 53 59 0
27.1328 24.9836 85.6093 131 95 30 0
