====================================
  DARWIN EVOLUTION SIM - REPORT
====================================

Population:     20
Peak:           588
Total Births:   7775
Total Fights:   38039
Food:           9
Hazards:        1
Generation:     413
Frame:          124249

-- Averages --
Avg Size:   40.15
Avg Speed:  4.91
Avg Vision: 254.82

-- Generation History --
Gen  | Pop  | Size   | Speed  | Vision
-----+------+--------+--------+-------
363  | 15   |  34.45 |   4.88 | 270.09
364  | 20   |  33.10 |   5.37 | 261.87
365  | 23   |  30.74 |   4.46 | 275.43
366  | 22   |  32.59 |   5.24 | 278.92
367  | 22   |  31.04 |   4.73 | 271.37
368  | 23   |  32.40 |   4.74 | 280.53
369  | 23   |  32.38 |   4.77 | 278.06
370  | 20   |  31.73 |   4.85 | 278.89
371  | 18   |  31.52 |   4.76 | 289.51
372  | 20   |  30.71 |   4.75 | 293.22
373  | 19   |  29.19 |   4.84 | 300.68
374  | 21   |  30.04 |   4.76 | 291.75
375  | 19   |  30.52 |   5.57 | 300.44
376  | 18   |  30.69 |   5.21 | 290.52
377  | 22   |  30.03 |   4.81 | 296.33
378  | 26   |  29.54 |   4.70 | 303.53
379  | 28   |  28.84 |   4.61 | 310.30
380  | 27   |  29.63 |   4.86 | 299.85
381  | 28   |  30.91 |   4.74 | 298.34
382  | 25   |  30.90 |   4.94 | 305.45
383  | 17   |  33.69 |   4.80 | 312.31
384  | 18   |  33.57 |   4.86 | 304.90
385  | 17   |  32.11 |   5.25 | 305.39
386  | 16   |  31.30 |   4.82 | 302.54
387  | 17   |  31.08 |   5.16 | 313.60
388  | 13   |  30.86 |   4.85 | 327.75
389  | 15   |  32.41 |   4.80 | 335.59
390  | 16   |  32.91 |   4.62 | 326.04
391  | 19   |  32.66 |   4.81 | 315.52
392  | 21   |  33.77 |   5.19 | 307.42
393  | 24   |  31.73 |   5.74 | 306.81
394  | 23   |  34.36 |   4.80 | 306.93
395  | 19   |  38.38 |   4.79 | 279.91
396  | 19   |  38.48 |   5.72 | 267.19
397  | 19   |  37.20 |   4.72 | 273.26
398  | 16   |  37.53 |   4.82 | 266.28
399  | 18   |  36.23 |   4.61 | 282.54
400  | 18   |  36.36 |   4.89 | 284.08
401  | 19   |  36.13 |   5.11 | 295.40
402  | 16   |  34.34 |   4.78 | 283.12
403  | 18   |  36.40 |   4.96 | 283.92
404  | 21   |  36.02 |   4.81 | 273.12
405  | 20   |  37.74 |   4.75 | 274.61
406  | 18   |  39.42 |   4.77 | 269.23
407  | 17   |  40.19 |   5.51 | 255.53
408  | 15   |  41.12 |   4.86 | 251.81
409  | 14   |  37.41 |   4.84 | 259.04
410  | 17   |  38.68 |   4.94 | 253.93
411  | 20   |  38.22 |   4.87 | 253.76
412  | 18   |  40.53 |   5.14 | 258.24

-- Creatures (sorted by fitness) --
ID   | Age  | HP     | Energy | Size  | Speed | Vision | Fitness
-----+------+--------+--------+-------+-------+--------+--------
7847 | 382  |  217.7 |  200.0 |  45.2 |   4.8 |  316.6 |   66.01
7845 | 536  |   39.0 |   42.8 |  28.5 |   5.4 |  266.6 |   65.78
7811 | 2457 |  133.5 |   86.4 |  44.6 |   4.8 |  297.8 |   16.04
7850 | 247  |  227.6 |   93.4 |  45.2 |   4.6 |  294.9 |   16.00
7844 | 545  |  158.1 |  228.5 |  27.8 |   4.8 |  275.4 |   15.95
7855 | 15   |  262.9 |   72.0 |  45.7 |   4.7 |  271.8 |   15.88
7837 | 905  |  258.0 |  337.9 |  44.5 |   5.2 |  252.8 |   15.87
7842 | 722  |  265.2 |  166.3 |  46.3 |   4.9 |  273.2 |   15.86
7788 | 3812 |   36.5 |  200.0 |  45.7 |   3.9 |  266.0 |   15.86
7853 | 128  |  152.6 |   63.3 |  27.8 |   5.2 |  252.8 |   15.85
7802 | 2967 |   48.5 |   91.5 |  45.0 |   5.0 |  252.7 |   15.84
7846 | 459  |  257.3 |  200.0 |  44.3 |   4.8 |  239.6 |   15.82
7854 | 29   |  261.9 |   64.2 |  45.5 |   5.1 |  252.7 |   15.82
7813 | 2404 |  259.0 |  200.0 |  44.7 |   4.8 |  235.3 |   15.78
7825 | 1750 |   15.5 |  169.7 |  45.2 |   4.6 |  235.2 |   15.76
7851 | 236  |  254.8 |   87.9 |  43.7 |   4.8 |  212.4 |   15.75
7836 | 906  |   88.7 |  150.9 |  28.3 |   4.8 |  235.2 |   15.74
7852 | 175  |  136.9 |   96.3 |  27.8 |   4.6 |  211.9 |   15.69
7849 | 322  |    3.0 |   84.2 |  29.3 |   4.9 |  238.2 |   15.68
7840 | 756  |  221.1 |  136.3 |  48.0 |   6.4 |  215.3 |   15.55
